,date,rank,country,ct,points,previousPoints,flag,delta
0,2011-01-12T00:00:00,150,Netherlands Antilles,ANT,107,107,https://api.fifa.com/api/v1/picture/flags-sq-4/ant,0
1,2011-02-02T00:00:00,150,Netherlands Antilles,ANT,107,107,https://api.fifa.com/api/v1/picture/flags-sq-4/ant,0
2,2010-12-15T00:00:00,151,Netherlands Antilles,ANT,107,107,https://api.fifa.com/api/v1/picture/flags-sq-4/ant,0
3,2010-10-20T00:00:00,170,Netherlands Antilles,ANT,63,63,https://api.fifa.com/api/v1/picture/flags-sq-4/ant,0
4,2010-09-15T00:00:00,166,Netherlands Antilles,ANT,63,67,https://api.fifa.com/api/v1/picture/flags-sq-4/ant,-4
5,2010-11-17T00:00:00,153,Netherlands Antilles,ANT,107,63,https://api.fifa.com/api/v1/picture/flags-sq-4/ant,44
6,2010-08-11T00:00:00,165,Netherlands Antilles,ANT,67,108,https://api.fifa.com/api/v1/picture/flags-sq-4/ant,-41
7,2010-07-14T00:00:00,150,Netherlands Antilles,ANT,108,103,https://api.fifa.com/api/v1/picture/flags-sq-4/ant,5
8,2010-05-26T00:00:00,154,Netherlands Antilles,ANT,103,98,https://api.fifa.com/api/v1/picture/flags-sq-4/ant,5
9,2010-04-28T00:00:00,157,Netherlands Antilles,ANT,98,98,https://api.fifa.com/api/v1/picture/flags-sq-4/ant,0
10,2010-03-31T00:00:00,162,Netherlands Antilles,ANT,98,90,https://api.fifa.com/api/v1/picture/flags-sq-4/ant,8
11,2010-02-03T00:00:00,169,Netherlands Antilles,ANT,80,80,https://api.fifa.com/api/v1/picture/flags-sq-4/ant,0
12,2010-03-03T00:00:00,166,Netherlands Antilles,ANT,90,80,https://api.fifa.com/api/v1/picture/flags-sq-4/ant,10
13,2009-12-16T00:00:00,168,Netherlands Antilles,ANT,80,80,https://api.fifa.com/api/v1/picture/flags-sq-4/ant,0
14,2009-11-20T00:00:00,168,Netherlands Antilles,ANT,80,85,https://api.fifa.com/api/v1/picture/flags-sq-4/ant,-5
15,2009-10-16T00:00:00,164,Netherlands Antilles,ANT,85,88,https://api.fifa.com/api/v1/picture/flags-sq-4/ant,-3
16,2009-09-02T00:00:00,164,Netherlands Antilles,ANT,88,88,https://api.fifa.com/api/v1/picture/flags-sq-4/ant,0
17,2009-07-01T00:00:00,140,Netherlands Antilles,ANT,169,160,https://api.fifa.com/api/v1/picture/flags-sq-4/ant,9
18,2009-08-05T00:00:00,165,Netherlands Antilles,ANT,88,169,https://api.fifa.com/api/v1/picture/flags-sq-4/ant,-81
19,2009-06-03T00:00:00,145,Netherlands Antilles,ANT,160,152,https://api.fifa.com/api/v1/picture/flags-sq-4/ant,8
20,2009-05-06T00:00:00,147,Netherlands Antilles,ANT,152,152,https://api.fifa.com/api/v1/picture/flags-sq-4/ant,0
21,2009-04-08T00:00:00,149,Netherlands Antilles,ANT,152,142,https://api.fifa.com/api/v1/picture/flags-sq-4/ant,10
22,2009-03-11T00:00:00,153,Netherlands Antilles,ANT,142,142,https://api.fifa.com/api/v1/picture/flags-sq-4/ant,0
23,2008-12-17T00:00:00,152,Netherlands Antilles,ANT,128,128,https://api.fifa.com/api/v1/picture/flags-sq-4/ant,0
24,2009-02-11T00:00:00,152,Netherlands Antilles,ANT,142,128,https://api.fifa.com/api/v1/picture/flags-sq-4/ant,14
25,2008-11-12T00:00:00,155,Netherlands Antilles,ANT,128,169,https://api.fifa.com/api/v1/picture/flags-sq-4/ant,-41
26,2009-01-14T00:00:00,154,Netherlands Antilles,ANT,128,128,https://api.fifa.com/api/v1/picture/flags-sq-4/ant,0
27,2008-09-03T00:00:00,147,Netherlands Antilles,ANT,173,173,https://api.fifa.com/api/v1/picture/flags-sq-4/ant,0
28,2008-10-08T00:00:00,151,Netherlands Antilles,ANT,169,173,https://api.fifa.com/api/v1/picture/flags-sq-4/ant,-4
29,2008-08-06T00:00:00,147,Netherlands Antilles,ANT,173,171,https://api.fifa.com/api/v1/picture/flags-sq-4/ant,2
30,2008-06-04T00:00:00,146,Netherlands Antilles,ANT,167,138,https://api.fifa.com/api/v1/picture/flags-sq-4/ant,29
31,2008-07-02T00:00:00,149,Netherlands Antilles,ANT,171,167,https://api.fifa.com/api/v1/picture/flags-sq-4/ant,4
32,2008-04-09T00:00:00,150,Netherlands Antilles,ANT,143,93,https://api.fifa.com/api/v1/picture/flags-sq-4/ant,50
33,2008-05-07T00:00:00,153,Netherlands Antilles,ANT,138,143,https://api.fifa.com/api/v1/picture/flags-sq-4/ant,-5
34,2008-03-12T00:00:00,163,Netherlands Antilles,ANT,93,93,https://api.fifa.com/api/v1/picture/flags-sq-4/ant,0
35,2008-01-16T00:00:00,179,Netherlands Antilles,ANT,32,30,https://api.fifa.com/api/v1/picture/flags-sq-4/ant,2
36,2008-02-13T00:00:00,161,Netherlands Antilles,ANT,93,32,https://api.fifa.com/api/v1/picture/flags-sq-4/ant,61
37,2007-11-22T00:00:00,183,Netherlands Antilles,ANT,30,30,https://api.fifa.com/api/v1/picture/flags-sq-4/ant,0
38,2007-12-17T00:00:00,183,Netherlands Antilles,ANT,30,30,https://api.fifa.com/api/v1/picture/flags-sq-4/ant,0
39,2007-10-24T00:00:00,183,Netherlands Antilles,ANT,30,30,https://api.fifa.com/api/v1/picture/flags-sq-4/ant,0
40,2007-09-19T00:00:00,182,Netherlands Antilles,ANT,30,41,https://api.fifa.com/api/v1/picture/flags-sq-4/ant,-11
41,2007-07-18T00:00:00,174,Netherlands Antilles,ANT,41,43,https://api.fifa.com/api/v1/picture/flags-sq-4/ant,-2
42,2007-06-13T00:00:00,173,Netherlands Antilles,ANT,43,47,https://api.fifa.com/api/v1/picture/flags-sq-4/ant,-4
43,2007-08-22T00:00:00,177,Netherlands Antilles,ANT,41,41,https://api.fifa.com/api/v1/picture/flags-sq-4/ant,0
